0 0.504888 0.716117 0.250215 0.328652
0 0.765452 0.363608 0.183649 0.258616
0 0.314177 0.433923 0.202001 0.201818
0 0.300230 0.655972 0.217755 0.272461
0 0.298023 0.655909 0.215108 0.271212
0 0.687612 0.560647 0.228346 0.281355
0 0.516413 0.434168 0.211895 0.239674
0 0.397833 0.118849 0.219659 0.181487
0 0.626517 0.144902 0.234539 0.207380
0 0.320396 0.439225 0.196950 0.194051
0 0.514781 0.717006 0.251735 0.328502
0 0.500932 0.582523 0.599547 0.560953
0 0.225763 0.300555 0.157888 0.195033
0 0.590845 0.603459 0.435864 0.569235
0 0.484726 0.556728 0.822146 0.871670
0 0.687554 0.565394 0.227816 0.280465
0 0.318431 0.436739 0.203579 0.197260
0 0.630199 0.160205 0.249534 0.294296
0 0.491891 0.480741 0.802360 0.959204
0 0.313558 0.441590 0.196595 0.187728
0 0.386252 0.144258 0.239156 0.273593
0 0.512519 0.441601 0.205195 0.240391