0 0.422641 0.572790 0.186533 0.148738
0 0.251787 0.532626 0.188852 0.145748
0 0.686956 0.429049 0.174512 0.144023
0 0.308589 0.251140 0.265493 0.197383
0 0.531799 0.247202 0.166167 0.149363
0 0.189144 0.405653 0.178925 0.126964
0 0.420543 0.571983 0.189300 0.147695
0 0.251944 0.528263 0.185836 0.145244
0 0.374937 0.423881 0.192717 0.145693
0 0.655023 0.304964 0.185522 0.135999
0 0.584071 0.538811 0.196218 0.151651
0 0.440750 0.401934 0.684216 0.493880
0 0.531876 0.248037 0.167492 0.148011
0 0.683488 0.424432 0.174607 0.143002
0 0.368922 0.425244 0.191448 0.145905
0 0.515915 0.400364 0.162398 0.143579
0 0.519841 0.402701 0.160579 0.145694
0 0.580533 0.540424 0.196431 0.157194