0 0.445208 0.504259 0.655896 0.985405
0 0.865929 0.191355 0.266078 0.378866
0 0.834917 0.148870 0.197850 0.292497
0 0.799396 0.234725 0.387906 0.476910
0 0.919053 0.800515 0.157173 0.382196
0 0.939319 0.188204 0.119637 0.357315
0 0.432252 0.479406 0.531736 0.830322
0 0.965494 0.794474 0.070050 0.222320
0 0.439290 0.489435 0.522119 0.835682
0 0.861724 0.186410 0.283535 0.374498
0 0.439926 0.499307 0.638659 0.977584
0 0.940393 0.886693 0.115139 0.129994
0 0.843643 0.142297 0.144517 0.278392
0 0.497914 0.496864 0.995579 0.996110
0 0.920799 0.798136 0.158373 0.402090
0 0.426460 0.661343 0.863609 0.673787
0 0.444077 0.504369 0.619944 0.971038
0 0.999859 0.742451 0.081985 0.148656
0 0.355407 0.511282 0.079026 0.093853
0 0.284236 0.523112 0.083070 0.110337
0 0.949068 0.982882 0.057092 0.034244
0 0.926616 0.823069 0.135928 0.343943
0 0.162172 0.019059 0.264838 0.039120
0 0.494388 0.497382 0.996964 0.991223
0 0.201557 0.547554 0.079254 0.125778