0 0.685389 0.492011 0.314961 0.442001
0 0.496069 0.415089 0.159418 0.228815
0 0.467695 0.715338 0.312006 0.403763
0 0.247479 0.534828 0.273680 0.354318
0 0.489913 0.746167 0.219940 0.311646
0 0.649200 0.219947 0.268623 0.398000
0 0.448294 0.477195 0.806925 0.908117
0 0.306795 0.248550 0.205885 0.292801
0 0.236449 0.800593 0.193663 0.281075
0 0.116221 0.790927 0.171711 0.265780
0 0.365822 0.246589 0.187162 0.275948
0 0.242188 0.548623 0.255607 0.325993
0 0.272598 0.413812 0.343684 0.625251
0 0.268738 0.519029 0.372848 0.839762