0 0.459811 0.577448 0.921021 0.791535
0 0.721312 0.661613 0.431417 0.371787
0 0.255247 0.593964 0.504608 0.742370
0 0.694520 0.367280 0.382290 0.274617
0 0.218448 0.746956 0.449472 0.456610
0 0.650406 0.373755 0.486121 0.298687
0 0.161452 0.370186 0.328875 0.370004
0 0.720443 0.648863 0.442824 0.389913
0 0.317124 0.436981 0.483246 0.409374
0 0.729199 0.368402 0.361853 0.268987
0 0.480378 0.587311 0.967622 0.828899
0 0.468823 0.584249 0.934187 0.792611
0 0.441288 0.394001 0.878900 0.395780
0 0.218051 0.759436 0.440931 0.423554
0 0.910856 0.456295 0.176122 0.459109
0 0.260295 0.571646 0.517571 0.791457
0 0.211469 0.802409 0.417678 0.327667