0 0.481098 0.296913 0.760873 0.542307
0 0.480055 0.489494 0.826749 0.922157
0 0.589431 0.188362 0.394076 0.323565
0 0.387328 0.366963 0.449969 0.356090
0 0.476626 0.396206 0.795014 0.730041
0 0.225783 0.050213 0.443452 0.100042
0 0.914895 0.520659 0.169247 0.190062
0 0.471778 0.311589 0.761755 0.481808
0 0.708433 0.419517 0.334725 0.251824
0 0.227956 0.176539 0.464096 0.365865
0 0.094519 0.767640 0.190267 0.469270
0 0.859407 0.959171 0.122275 0.070782
0 0.885690 0.965908 0.081981 0.060319
0 0.465838 0.622103 0.780195 0.524794