0 0.707230 0.688757 0.506216 0.367503
0 0.252210 0.592257 0.448191 0.414364
0 0.568095 0.130699 0.425640 0.229493
0 0.573610 0.376413 0.459935 0.418992
0 0.250919 0.306699 0.300162 0.205265
0 0.712581 0.710016 0.507791 0.347861
0 0.877128 0.316076 0.247693 0.385462
0 0.522635 0.449219 0.973353 0.867062
0 0.250026 0.594232 0.444680 0.409211
0 0.565346 0.125121 0.421056 0.222696
0 0.570268 0.130825 0.418776 0.221091
0 0.254868 0.304111 0.283854 0.206468
0 0.869897 0.312496 0.257264 0.382150
0 0.567379 0.395048 0.468332 0.428622
0 0.566090 0.127098 0.415776 0.218532
0 0.566675 0.383213 0.456326 0.424245
0 0.640680 0.532287 0.604788 0.691253