0 0.301262 0.486392 0.199718 0.252896
0 0.474535 0.224718 0.231255 0.286618
0 0.439142 0.814360 0.211041 0.192799
0 0.238513 0.738437 0.228492 0.255315
0 0.117695 0.807274 0.133832 0.203434
0 0.114890 0.600001 0.119206 0.233666
0 0.239569 0.671562 0.219865 0.156224
0 0.283234 0.639326 0.536098 0.573036
0 0.837746 0.514167 0.324466 0.382390
0 0.234196 0.530333 0.345272 0.343789
0 0.294762 0.690702 0.589046 0.623133
0 0.206274 0.676394 0.364347 0.454605
0 0.815086 0.509621 0.387744 0.467860
0 0.153894 0.792999 0.233600 0.240985
0 0.474112 0.280320 0.203408 0.173377
0 0.477776 0.225525 0.235621 0.296400
0 0.842904 0.513539 0.325619 0.387825
0 0.298462 0.487868 0.580693 0.907582
0 0.278148 0.919524 0.094091 0.096830
0 0.256411 0.803033 0.142716 0.126811
0 0.505058 0.173586 0.172679 0.184855
0 0.318560 0.276947 0.060380 0.074297
0 0.310458 0.568201 0.166290 0.114077