0 0.323996 0.500770 0.398179 0.546658
0 0.665483 0.361263 0.325975 0.460459
0 0.324760 0.492357 0.379137 0.525967
0 0.323772 0.605085 0.404036 0.302736
0 0.581252 0.679834 0.179651 0.135323
0 0.756024 0.259894 0.069223 0.248714
0 0.322097 0.475355 0.371168 0.495605
0 0.332521 0.502776 0.422329 0.555757
0 0.758342 0.239746 0.062579 0.214834
0 0.752688 0.283908 0.092773 0.279198
0 0.324308 0.375253 0.346344 0.285998
0 0.669575 0.291246 0.323465 0.325207
0 0.578619 0.352861 0.059426 0.192598
0 0.529544 0.305068 0.060574 0.266081
0 0.781581 0.357389 0.086064 0.093183
0 0.341241 0.555963 0.274225 0.151866
0 0.580542 0.708746 0.206603 0.285337