0 0.430693 0.823565 0.169216 0.105896
0 0.492705 0.565724 0.129749 0.115909
0 0.498033 0.500029 0.278922 0.740544
0 0.464584 0.674117 0.128408 0.106381
0 0.572891 0.261864 0.074881 0.095471
0 0.509631 0.399008 0.108618 0.097682
0 0.470206 0.650959 0.131481 0.112125
0 0.597428 0.181284 0.094943 0.077862
0 0.422360 0.758619 0.075376 0.088333
0 0.430252 0.759865 0.080684 0.088785
0 0.533704 0.227289 0.083517 0.079977
0 0.485096 0.720856 0.065815 0.082815
0 0.211941 0.452947 0.103935 0.154794
0 0.506297 0.315126 0.081040 0.085482
0 0.565988 0.230021 0.144794 0.122861
0 0.515737 0.462704 0.112955 0.113991
0 0.493241 0.544994 0.116348 0.087518
0 0.506105 0.489689 0.102911 0.096582