0 0.349467 0.574642 0.255507 0.318515
0 0.596815 0.677325 0.121650 0.083118
0 0.644970 0.543437 0.438120 0.203445
0 0.745813 0.292706 0.285293 0.199371
0 0.340232 0.577083 0.250615 0.315007
0 0.546998 0.576980 0.646974 0.354990
0 0.593603 0.687780 0.190114 0.129145
0 0.727949 0.283558 0.190298 0.137150
0 0.753462 0.548584 0.235392 0.190141
0 0.637292 0.533083 0.427624 0.191642
0 0.722057 0.281907 0.184062 0.125214
0 0.339814 0.651781 0.226333 0.166235
0 0.747300 0.295025 0.290291 0.195513
0 0.634425 0.554959 0.458718 0.235589