0 0.648039 0.159736 0.283165 0.299281
0 0.870027 0.825818 0.249751 0.347972
0 0.855433 0.183300 0.244952 0.362818
0 0.162699 0.613348 0.249060 0.336853
0 0.931487 0.398942 0.135526 0.371546
0 0.629779 0.799839 0.274390 0.366351
0 0.106222 0.294391 0.204961 0.335265
0 0.376646 0.206417 0.295452 0.407359
0 0.508992 0.467044 0.270837 0.405182
0 0.761282 0.513747 0.254142 0.402492
0 0.116904 0.060955 0.218573 0.123387
0 0.161247 0.617013 0.240491 0.324219
0 0.288113 0.348194 0.193355 0.368703
0 0.381836 0.760574 0.240530 0.345762
0 0.128439 0.134869 0.236149 0.270404
0 0.499913 0.502421 0.994702 0.994284
0 0.523142 0.465280 0.235773 0.386036
0 0.858000 0.178129 0.236007 0.343704