0 0.718407 0.613325 0.304907 0.295097
0 0.401493 0.393265 0.229868 0.224350
0 0.857345 0.535325 0.256579 0.288818
0 0.614875 0.446170 0.224555 0.206175
0 0.236903 0.512075 0.293230 0.301396
0 0.475369 0.576471 0.286517 0.280852
0 0.397217 0.394857 0.226970 0.227667
0 0.733344 0.610331 0.330837 0.310877
0 0.235777 0.504182 0.297152 0.296261
0 0.534967 0.526045 0.905306 0.488721
0 0.856725 0.536398 0.264441 0.288652
0 0.480055 0.580944 0.297068 0.287574
0 0.615154 0.445884 0.224015 0.200873
0 0.851775 0.533508 0.269405 0.290942