0 0.709041 0.919801 0.476417 0.160246
0 0.326065 0.408911 0.262956 0.226290
0 0.922633 0.524649 0.154734 0.212610
0 0.203929 0.415890 0.397694 0.240289
0 0.128834 0.473706 0.252228 0.246832
0 0.144886 0.608886 0.288764 0.290238
0 0.889931 0.519125 0.220138 0.347758
0 0.115672 0.820291 0.231344 0.359418
0 0.827500 0.760095 0.188767 0.331417
0 0.824038 0.818096 0.163195 0.154743
0 0.598328 0.451064 0.312990 0.511970
0 0.681434 0.422495 0.147725 0.459275
0 0.522832 0.592683 0.410627 0.794794
0 0.952094 0.117520 0.095812 0.207871
0 0.602859 0.765753 0.688127 0.468493
0 0.781029 0.818617 0.087287 0.114347
0 0.488596 0.506492 0.977193 0.987015
0 0.928737 0.191304 0.142368 0.186675
0 0.449276 0.387479 0.480602 0.264558
0 0.569053 0.339067 0.275429 0.305162
0 0.685260 0.683203 0.066560 0.287754
0 0.115398 0.447319 0.113515 0.162629
0 0.601879 0.225280 0.062614 0.084452
