0 0.464500 0.722727 0.632602 0.548344
0 0.664818 0.232312 0.383205 0.286922
0 0.102546 0.488842 0.202716 0.278793
0 0.898561 0.683803 0.202878 0.498151
0 0.106094 0.151456 0.205427 0.183485
0 0.194588 0.347570 0.367842 0.288607
0 0.934499 0.698490 0.131001 0.383651
0 0.793854 0.960095 0.365402 0.079809
0 0.183803 0.879677 0.364838 0.240647
0 0.438146 0.554932 0.409617 0.481545
0 0.697468 0.543547 0.104150 0.126097
0 0.126820 0.165220 0.252358 0.301269
0 0.605203 0.853546 0.097059 0.125584
0 0.618792 0.200118 0.204458 0.219479
0 0.118015 0.418599 0.182465 0.173687
0 0.610338 0.423257 0.277992 0.539755
